# serie netflyx palettes color

palette_netflyx <- list(
  Lupin        = c("#E26A40", "#0E263C", "#3B6183", "#5C85B1", 
                   "#7BA0C6","#D9E2EC"),
  Calamar      = c("#E7E1E4","#F5417C","#040404", "#343334", "#3C3C3C",
                   "#585355","#747474","#7C7C7C"),
  Castlevania   = c("#D3250D", "#721510", "#450B09", "#2F0605", 
                    "#240504","#1C0404","#0A0404")
  
) 
